240159983
80018298
221915865
235848472
102328147
226012458
200752760
32655
240254231
225552533
237206646
239659858
233020473
224350954
236609076
234876613
240270961
240981289
222124515
224254402
200774243
201671040
146618879
102220086
200678363
65146
200849915
123873828
201764002
107374998
200119808
202047252
22081033
202277165
200734351
200715721
104554924
200787196
66221846
200740912
33389539
52199
25374208
27103581
52409
23277147
32717
73853
25680306
33825207
22411820
31968
49721
82197
35169108
29909
22162949
21703479
8972
24948183
61663800
43436017
30364401
41357510
23996262
59144756
68353189
69802566
22343809
25767767
52436389
26011810
46729031
24235821
63988256
64012799
64538075
47663590
78101399
70957177
222143102
97689529
221759765
222313197
222473527
222592477
221223646
100855657
149624888
221634116
222464885
222487921
202936823
155615579
222384888
222573042
54401364
221186906
174388584
220846931
22801613
48903
46730
27756125
63732
47880
48850
33044546
40745
48854
21847769
42101
31879942
25382241
31899272
43751
19839
22804273
66515
30300575
23787839
61254
69718
21814476
24909357
19570
390508
32431669
31145142
29708223
35166
24331328
65024
26346865
23379159
24760967
32621776
75679
24304232
46858
167162209
65356446
40794335
49611455
200246016
189090934
191747244
167554646
193474858
41965656
53346740
153565470
100985141
76438
390375
81747905
194964059
178181375
36789085
196634644
35127355
25533132
31551842
52948
47734
35241625
34367225
65196
22081033
37312
35309991
37883862
34510421
29108401
41524
22885408
41451
27356730
53299
77930
240159983
80018298
221915865
235848472
102328147
226012458
200752760
32655
240254231
225552533
237206646
239659858
233020473
234876613
236609076
224350954
240270961
240981289
222124515
224254402
221459306
222313197
223888669
225493094
224580115
225239348
224014969
24747160
222192696
227787136
224842192
221456923
221762876
222841186
201298548
99336037
229225393
222442454
224115587
222124515
235735557
235680428
235923585
235667013
230185000
230536029
32495966
235775639
235423371
221746500
230598126
235680911
232251649
232631165
235660425
235796445
235708670
232707066
230497683
224230610
21680518
58642
390508
58534
67716
33044546
34526755
51092
55673
83349
65024
76922
25065583
62853
25365563
80627
31976189
23934758
35358700
24315862
228935409
228438703
239816946
240155755
235863365
240030070
235248842
229521664
234079981
232354411
235102697
234882206
232718084
240254231
237470880
239659858
230262088
236865396
200307720
231517383
230027106
228438703
234639891
240090315
240759973
239658213
228899389
236579441
225608719
230293317
236247479
239873353
240249699
227550877
243076247
223193455
237189939
237736675
202438705
240981289
38793550
49038074
47350613
47652720
42465210
32318006
35742232
32655
42934157
39959471
49930746
48518939
34538700
2207347
39264862
54843
28744615
32031764
24233061
23354818
23050023
26340167
50458817
50407608
26987815
62022291
29978416
40282979
47694037
24909357
55334689
390508
30507521
33044546
56730340
41335079
65024
389831
60943
8252
80359999
156198604
68636404
45466807
88403295
78214248
29716531
88591855
78531927
70992974
81337477
93046477
73853875
95336725
41697440
96953618
38656535
77930
32163881
53321791
70312151
97708110
58530065
97802518
46402974
161580396
144008486
201020260
98416812
185008254
88892177
80786623
22081033
200424638
139959253
140395594
200174931
156850134
200399767
70369604
230346280
231661377
227337289
222140591
230132799
230042828
229591273
229768251
225239348
225631674
229747715
229758033
229581144
230906217
231065850
225358105
229383030
229903182
224618899
230048604
223826038
221924267
97689529
224007232
226129683
227307870
223888669
222260968
78413725
162985263
225631674
223870818
224614539
221980479
225280157
224175011
222841186
221940748
222540375
81082941
23933474
26340618
62144
26317302
63479
24640074
31716
22718451
24143008
60153
67295
87847
23730917
30026
66012
44539
69486
76344
26103330
36461
33389539
52199
25374208
27103581
52409
23277147
73853
25680306
32717
33825207
22411820
31968
49721
82197
35169108
29909
22162949
21703479
8972
24948183
23933474
26340618
62144
26317302
63479
31716
24640074
22718451
60153
24143008
67295
87847
23730917
30026
66012
44539
69486
76344
26103330
36461
23787839
61254
69718
21814476
24909357
19570
390508
31145142
32431669
29708223
35166
24331328
65024
26346865
23379159
24760967
32621776
75679
24304232
46858
200774243
201671040
146618879
102220086
200678363
200849915
65146
123873828
107374998
201764002
200119808
202047252
22081033
202277165
200734351
200715721
200787196
104554924
200740912
66221846
23050023
26340167
50458817
50407608
26987815
62022291
29978416
24909357
47694037
40282979
30507521
390508
55334689
33044546
56730340
41335079
65024
389831
60943
8252
221459306
222313197
223888669
225493094
224580115
225239348
24747160
224014969
224842192
227787136
222192696
221762876
221456923
222841186
99336037
201298548
229225393
222442454
224115587
222124515
22801613
48903
27756125
46730
47880
63732
48850
33044546
40745
48854
21847769
42101
31879942
31899272
25382241
19839
43751
22804273
66515
30300575
80359999
156198604
68636404
45466807
88403295
78214248
29716531
88591855
78531927
70992974
81337477
93046477
96953618
73853875
41697440
95336725
38656535
77930
53321791
32163881
222143102
97689529
221759765
222313197
222473527
222592477
221223646
149624888
100855657
221634116
222464885
222487921
202936823
222384888
155615579
222573042
54401364
221186906
174388584
220846931
230346280
231661377
227337289
222140591
230132799
230042828
229591273
229768251
225631674
225239348
229758033
229581144
229747715
230906217
231065850
225358105
229903182
229383030
224618899
230048604
167162209
65356446
40794335
49611455
200246016
191747244
189090934
167554646
41965656
193474858
53346740
153565470
100985141
76438
194964059
390375
81747905
178181375
196634644
36789085
80018298
240159983
221915865
102328147
235848472
226012458
200752760
32655
240254231
225552533
237206646
239659858
233020473
236609076
224350954
234876613
240270961
240981289
222124515
224254402
228438703
230027106
234639891
240090315
240759973
239658213
228899389
225608719
236579441
230293317
236247479
239873353
240249699
227550877
243076247
223193455
237189939
237736675
202438705
240981289
35127355
25533132
31551842
52948
47734
35241625
34367225
65196
22081033
37312
35309991
37883862
34510421
29108401
41524
22885408
41451
53299
27356730
77930
38793550
47350613
49038074
47652720
42465210
32318006
35742232
32655
42934157
39959471
49930746
48518939
34538700
2207347
39264862
54843
28744615
32031764
24233061
23354818
235680428
235735557
235923585
235667013
230185000
230536029
32495966
235775639
235423371
221746500
235680911
230598126
232631165
232251649
235660425
235796445
235708670
232707066
230497683
224230610
21680518
58642
390508
58534
67716
33044546
34526755
51092
55673
83349
65024
76922
62853
25065583
25365563
80627
31976189
23934758
35358700
24315862
228438703
239816946
228935409
240155755
235863365
240030070
235248842
234079981
229521664
232354411
235102697
232718084
234882206
240254231
239659858
237470880
230262088
236865396
200307720
231517383
221924267
223826038
97689529
224007232
226129683
227307870
223888669
222260968
78413725
162985263
225631674
223870818
224614539
221980479
225280157
224175011
222841186
221940748
222540375
81082941
70312151
97708110
58530065
97802518
46402974
144008486
161580396
201020260
98416812
185008254
88892177
80786623
22081033
200424638
139959253
140395594
200174931
70369604
156850134
200399767
61663800
43436017
30364401
41357510
23996262
59144756
68353189
22343809
69802566
25767767
52436389
46729031
26011810
24235821
63988256
64012799
64538075
47663590
78101399
70957177
33389539
52199
25374208
27103581
52409
23277147
25680306
73853
32717
33825207
22411820
31968
49721
82197
35169108
29909
21703479
22162949
8972
24948183
23933474
26340618
62144
63479
26317302
24640074
31716
22718451
24143008
60153
67295
87847
23730917
30026
66012
44539
69486
76344
26103330
36461
23787839
61254
69718
21814476
24909357
19570
390508
31145142
32431669
29708223
35166
65024
24331328
26346865
24760967
23379159
32621776
75679
24304232
46858
23050023
26340167
50458817
50407608
26987815
62022291
29978416
24909357
47694037
40282979
55334689
30507521
390508
33044546
56730340
41335079
65024
389831
8252
60943
235680428
235735557
230185000
235667013
235923585
230536029
32495966
235775639
235423371
221746500
230598126
235680911
232631165
232251649
235660425
235796445
235708670
232707066
230497683
224230610
221459306
222313197
223888669
225493094
224580115
225239348
24747160
224014969
224842192
227787136
222192696
221456923
221762876
201298548
99336037
222841186
229225393
222442454
224115587
222124515
48903
22801613
27756125
46730
63732
47880
48850
33044546
40745
48854
21847769
42101
31879942
31899272
25382241
19839
43751
22804273
66515
30300575
80359999
156198604
68636404
88403295
45466807
78214248
29716531
88591855
78531927
70992974
81337477
93046477
96953618
41697440
95336725
73853875
38656535
77930
32163881
53321791
222143102
221759765
97689529
222313197
222473527
222592477
100855657
149624888
221223646
221634116
222464885
222487921
202936823
222384888
155615579
222573042
54401364
221186906
174388584
220846931
230346280
231661377
227337289
222140591
230132799
230042828
229591273
229768251
225239348
225631674
229758033
229581144
229747715
230906217
231065850
225358105
229903182
229383030
224618899
230048604
200774243
201671040
146618879
102220086
200678363
200849915
65146
123873828
201764002
107374998
200119808
202047252
22081033
202277165
200734351
200715721
200787196
104554924
66221846
200740912
167162209
65356446
40794335
49611455
200246016
191747244
189090934
167554646
41965656
193474858
53346740
153565470
100985141
76438
81747905
390375
194964059
178181375
196634644
36789085
80018298
240159983
221915865
102328147
235848472
226012458
200752760
32655
240254231
225552533
237206646
239659858
233020473
234876613
224350954
236609076
240270961
240981289
222124515
224254402
228438703
230027106
234639891
240090315
240759973
239658213
228899389
236579441
225608719
230293317
236247479
239873353
240249699
227550877
223193455
243076247
237189939
237736675
202438705
240981289
25533132
35127355
31551842
52948
47734
35241625
34367225
65196
22081033
37312
35309991
29108401
34510421
37883862
41524
22885408
41451
27356730
53299
77930
38793550
49038074
47350613
47652720
42465210
32318006
35742232
42934157
32655
39959471
49930746
48518939
2207347
34538700
39264862
28744615
54843
32031764
24233061
23354818
21680518
58642
390508
58534
33044546
67716
34526755
51092
55673
83349
65024
76922
25065583
62853
25365563
80627
31976189
35358700
23934758
24315862
228438703
239816946
228935409
240155755
235863365
240030070
229521664
235248842
234079981
232354411
235102697
234882206
232718084
240254231
239659858
237470880
230262088
236865396
200307720
231517383
221924267
223826038
97689529
224007232
226129683
227307870
223888669
222260968
162985263
78413725
225631674
223870818
224614539
221980479
225280157
224175011
222841186
221940748
222540375
81082941
97708110
70312151
58530065
97802518
46402974
144008486
161580396
201020260
98416812
185008254
88892177
22081033
80786623
200424638
139959253
140395594
200174931
200399767
156850134
70369604
61663800
43436017
30364401
41357510
23996262
59144756
68353189
69802566
22343809
25767767
52436389
26011810
46729031
24235821
63988256
64012799
64538075
47663590
78101399
70957177
33389539
52199
25374208
27103581
52409
23277147
73853
25680306
32717
33825207
22411820
31968
49721
82197
35169108
29909
21703479
22162949
8972
24948183
23933474
26340618
62144
26317302
63479
31716
24640074
22718451
24143008
60153
67295
23730917
87847
66012
30026
44539
69486
76344
26103330
36461
23787839
61254
69718
21814476
24909357
19570
390508
32431669
31145142
29708223
35166
24331328
65024
26346865
23379159
24760967
32621776
75679
24304232
46858
200774243
201671040
146618879
102220086
200678363
200849915
65146
123873828
107374998
201764002
200119808
202047252
22081033
202277165
200734351
200715721
200787196
104554924
66221846
200740912
23050023
26340167
50458817
50407608
26987815
62022291
29978416
47694037
24909357
40282979
30507521
55334689
390508
33044546
56730340
41335079
65024
389831
8252
60943
221459306
222313197
223888669
225493094
224580115
225239348
24747160
224014969
224842192
227787136
222192696
221762876
221456923
99336037
201298548
222841186
229225393
222442454
224115587
222124515
48903
22801613
27756125
46730
63732
47880
48850
33044546
40745
21847769
48854
42101
31879942
25382241
31899272
19839
43751
22804273
66515
30300575
80359999
156198604
68636404
88403295
45466807
78214248
29716531
88591855
78531927
70992974
81337477
93046477
73853875
41697440
95336725
96953618
38656535
77930
53321791
32163881
222143102
97689529
221759765
222313197
222473527
222592477
100855657
149624888
221223646
221634116
222464885
222487921
202936823
222384888
155615579
222573042
54401364
221186906
174388584
220846931
230346280
231661377
227337289
222140591
230132799
230042828
229591273
229768251
225631674
225239348
229758033
229581144
229747715
230906217
231065850
225358105
229383030
229903182
224618899
230048604
167162209
65356446
40794335
49611455
200246016
191747244
189090934
167554646
193474858
41965656
53346740
153565470
100985141
76438
390375
194964059
81747905
178181375
196634644
36789085
80018298
240159983
221915865
235848472
102328147
226012458
200752760
32655
240254231
225552533
237206646
239659858
233020473
224350954
234876613
236609076
240270961
240981289
222124515
224254402
230027106
228438703
234639891
240090315
240759973
239658213
228899389
236579441
225608719
230293317
236247479
239873353
240249699
227550877
223193455
243076247
237189939
237736675
202438705
240981289
25533132
35127355
31551842
52948
47734
35241625
34367225
65196
22081033
37312
34510421
37883862
35309991
29108401
41524
22885408
41451
53299
27356730
77930
38793550
47350613
49038074
47652720
32318006
42465210
35742232
42934157
32655
39959471
49930746
48518939
2207347
34538700
39264862
28744615
54843
32031764
24233061
23354818
235680428
235735557
235667013
230185000
235923585
230536029
32495966
235775639
235423371
221746500
235680911
230598126
232631165
232251649
235660425
235796445
235708670
232707066
230497683
224230610
21680518
58642
390508
58534
33044546
67716
34526755
51092
55673
83349
65024
76922
25065583
62853
25365563
80627
31976189
35358700
23934758
24315862
239816946
228438703
228935409
240155755
235863365
240030070
229521664
234079981
235248842
232354411
235102697
234882206
232718084
240254231
237470880
239659858
230262088
236865396
200307720
231517383
223826038
221924267
97689529
224007232
226129683
227307870
223888669
222260968
162985263
78413725
225631674
223870818
224614539
221980479
225280157
224175011
222841186
221940748
222540375
81082941
97708110
70312151
58530065
97802518
46402974
144008486
161580396
201020260
98416812
185008254
88892177
80786623
22081033
200424638
139959253
140395594
200174931
200399767
70369604
156850134
61663800
43436017
30364401
41357510
23996262
59144756
68353189
69802566
22343809
25767767
52436389
46729031
26011810
63988256
24235821
64012799
64538075
47663590
70957177
78101399
